-118.3
-152.5
-133.4
-115.5
-119.8
-89.4
-90.9
-93.5
-78.6
-67.9
-60.5
-81.7
-68.2
-75.3
-57.7
-40.0
-49.6
-39.5
-30.0
-54.3
-39.7
-45.6
-32.2
-50.4
-43.4
-46.0
-48.7
-30.8
-37.7
-55.3
-28.8
-26.0
-26.6
-17.0
-54.4
-45.4
-24.8
-32.6
-43.8
-33.1
-33.7
-34.2
-22.3
-52.1
-40.3
-51.3
-23.7
-23.1
-23.9
-31.0
-108.9
-151.5
-134.4
-120.9
-93.0
-99.8
-70.6
-80.4
-64.8
-74.2
-61.5
-71.4
-54.9
-63.5
-51.2
-53.1
-41.7
-46.4
-29.0
-34.6
-54.1
-42.5
-42.2
-21.2
-33.3
-22.9
-22.4
-27.3
-18.8
-46.7
-37.6
-26.3
-43.1
-25.4
-15.0
-43.9
-24.0
-33.2
-43.1
-31.6
-40.9
-42.6
-41.4
-22.9
-21.9
-21.8
-42.4
-50.4
-31.5
-53.1
-115.0
-155.1
-140.8
-98.0
-101.8
-97.6
-89.1
-83.1
-55.9
-64.6
-65.5
-41.1
-52.7
-37.7
-55.9
-62.8
-49.6
-57.4
-35.4
-55.2
-25.7
-40.5
-41.1
-31.6
-40.7
-29.4
-29.6
-54.1
-40.6
-47.6
-44.5
-27.9
-43.7
-17.6
-32.6
-34.8
-31.7
-51.1
-35.8
-24.4
-43.1
-33.5
-30.9
-42.1
-34.5
-31.7
-25.4
-31.4
-31.1
-23.8
-53.3
-31.0
-60.2
-51.6
-32.1
-41.8
-31.1
-43.5
-41.8
-40.1
-13.4
-33.3
-32.4
-40.5
-40.2
-51.6
-13.4
-34.0
-41.4
-32.9
-51.7
-23.9
-49.5
-48.9
-32.9
-51.6
-32.6
-31.9
-59.3
-22.1
-13.3
-39.6
-40.3
-32.1
-51.3
-31.0
-32.9
-41.6
-41.7
-42.6
-32.7
-42.4
-22.8
-40.4
-32.5
-33.7
-67.4
-60.7
-51.0
-23.2
