-54.132
-56.762
-63.092
-72.758
-86.586
-91.54
-87.394
-86.146
-90.9
-91.794
-89.882
-88.95
-89.554
-90.524
-86.714
-90.236
-90.176
-89.266
-89.768
-87.426
-88.634
-89.022
-88.908
-88.624
-87.868
-89.302
-90.532
-87.874
-89.612
-90.61
-89.632
-92.928
-87.646
-86.138
-91.876
-89.074
-85.824
-89.374
-87.872
-90.802
-89.418
-89.508
-87.998
-88.5
-87.778
-87.132
-89.382
-88.744
-91.234
-87.012
-90.26
-89.472
-86.3
-89.442
-89.418
-87.68
-89.228
-88.326
-89.856
-88.596
-88.512
-90.338
-88.292
-91.616
-89.848
-88.694
-88.934
-87.32
-87.138
-87.918
-89.962
-88.338
-88.736
-90.002
-87.06
-92.156
-87.284
-87.314
-91.932
-89.566
-89.83
-88.874
-87.79
-87.006
-89.812
-91.542
-87.594
-88.46
-91.722
-89.192
-91.124
-88.652
-88.394
-87.376
-90.4
-86.41
-86.068
-87.298
-87.44
-87.172
